# vp run @tinker/start#mutate, card start/base-parts step 2 (auth), 2026-10-06, commit dbc15e20; EXIT 0
# killed 2620, timeout 12, survived 307, no coverage 53; 87.97 (87.57 on kills alone); src/parts/auth: 23 of 25, 92.00
--------------------------|------------------|----------|-----------|------------|----------|----------|
                          | % Mutation score |          |           |            |          |          |
File                      |  total | covered | # killed | # timeout | # survived | # no cov | # errors |
--------------------------|--------|---------|----------|-----------|------------|----------|----------|
All files                 |  87.97 |   89.55 |     2620 |        12 |        307 |       53 |        0 |
 lib                      |  89.48 |   91.62 |     1954 |         3 |        179 |       51 |        0 |
  checks                  |  91.77 |   92.37 |      991 |         2 |         82 |        7 |        0 |
   boundary.mjs           | 100.00 |  100.00 |       10 |         0 |          0 |        0 |        0 |
   bytes.mjs              |  96.47 |   96.47 |       82 |         0 |          3 |        0 |        0 |
   env.mjs                | 100.00 |  100.00 |       55 |         0 |          0 |        0 |        0 |
   generated.mjs          |  91.40 |   91.89 |      170 |         0 |         15 |        1 |        0 |
   glue.mjs               |  94.98 |   94.98 |      206 |         2 |         11 |        0 |        0 |
   imports.mjs            |  89.66 |   89.66 |       52 |         0 |          6 |        0 |        0 |
   named.mjs              | 100.00 |  100.00 |       45 |         0 |          0 |        0 |        0 |
   result.mjs             | 100.00 |  100.00 |       16 |         0 |          0 |        0 |        0 |
   routes.mjs             |  93.16 |   93.16 |      109 |         0 |          8 |        0 |        0 |
   style.mjs              |  85.02 |   86.55 |      193 |         0 |         30 |        4 |        0 |
   version.mjs            |  82.81 |   85.48 |       53 |         0 |          9 |        2 |        0 |
  doctor.mjs              |  99.05 |   99.05 |      104 |         0 |          1 |        0 |        0 |
  env.mjs                 |  85.71 |   85.71 |       12 |         0 |          2 |        0 |        0 |
  glue.mjs                |  98.73 |   98.73 |       78 |         0 |          1 |        0 |        0 |
  hooks.mjs               |  86.36 |   90.48 |       19 |         0 |          2 |        1 |        0 |
  jsonc.mjs               |  83.95 |   83.95 |       68 |         0 |         13 |        0 |        0 |
  named.mjs               |  93.10 |   93.10 |       54 |         0 |          4 |        0 |        0 |
  part-env.mjs            |  96.97 |   96.97 |       32 |         0 |          1 |        0 |        0 |
  parts.mjs               | 100.00 |  100.00 |       17 |         0 |          0 |        0 |        0 |
  paths.mjs               |  81.63 |   83.33 |       40 |         0 |          8 |        1 |        0 |
  prepare.mjs             | 100.00 |  100.00 |       83 |         0 |          0 |        0 |        0 |
  route-path.mjs          |  83.48 |   84.21 |       95 |         1 |         18 |        1 |        0 |
  serve.mjs               |  93.75 |   93.75 |       60 |         0 |          4 |        0 |        0 |
  source.mjs              |  82.94 |   85.37 |      175 |         0 |         30 |        6 |        0 |
  typecheck.mjs           |  85.37 |   87.50 |       35 |         0 |          5 |        1 |        0 |
  upgrade.mjs             |  68.42 |   91.92 |       91 |         0 |          8 |       34 |        0 |
 src                      |  83.85 |   84.06 |      666 |         9 |        128 |        2 |        0 |
  backend                 |  72.32 |   72.32 |       81 |         0 |         31 |        0 |        0 |
   body.server.ts         |  82.81 |   82.81 |       53 |         0 |         11 |        0 |        0 |
   headers.server.ts      |   0.00 |    0.00 |        0 |         0 |          2 |        0 |        0 |
   health.ts              |  80.00 |   80.00 |        4 |         0 |          1 |        0 |        0 |
   http-backend.ts        |  33.33 |   33.33 |        1 |         0 |          2 |        0 |        0 |
   lifetime.ts            |   0.00 |    0.00 |        0 |         0 |          4 |        0 |        0 |
   request-body.server.ts |  54.17 |   54.17 |       13 |         0 |         11 |        0 |        0 |
   result.server.ts       | 100.00 |  100.00 |       10 |         0 |          0 |        0 |        0 |
  defaults                | 100.00 |  100.00 |        2 |         0 |          0 |        0 |        0 |
   server.ts              | 100.00 |  100.00 |        2 |         0 |          0 |        0 |        0 |
  entry                   |  96.43 |   96.43 |       27 |         0 |          1 |        0 |        0 |
   dev-error.ts           |  95.83 |   95.83 |       23 |         0 |          1 |        0 |        0 |
   error-detail.ts        | 100.00 |  100.00 |        4 |         0 |          0 |        0 |        0 |
  parts                   |  84.97 |   85.24 |      528 |         9 |         93 |        2 |        0 |
   auth                   |  92.00 |   92.00 |       23 |         0 |          2 |        0 |        0 |
    handle.server.ts      | 100.00 |  100.00 |        4 |         0 |          0 |        0 |        0 |
    off.ts                | 100.00 |  100.00 |        2 |         0 |          0 |        0 |        0 |
    on.server.ts          | 100.00 |  100.00 |        2 |         0 |          0 |        0 |        0 |
    settings.ts           |  88.24 |   88.24 |       15 |         0 |          2 |        0 |        0 |
   telemetry              |  84.68 |   84.96 |      505 |         9 |         91 |        2 |        0 |
    delivery.ts           |  94.51 |   94.51 |       86 |         0 |          5 |        0 |        0 |
    health.ts             |  25.00 |   25.00 |        1 |         0 |          3 |        0 |        0 |
    ingest.server.ts      |  86.78 |   87.50 |      105 |         0 |         15 |        1 |        0 |
    observer.ts           |  75.00 |   75.00 |       63 |         0 |         21 |        0 |        0 |
    off.ts                |  33.33 |   33.33 |        3 |         0 |          6 |        0 |        0 |
    on.server.ts          |  50.00 |   50.00 |        2 |         0 |          2 |        0 |        0 |
    on.ts                 |  57.14 |   66.67 |        4 |         0 |          2 |        1 |        0 |
    queue.ts              |  81.36 |   81.36 |      135 |         9 |         33 |        0 |        0 |
    records.ts            | 100.00 |  100.00 |       91 |         0 |          0 |        0 |        0 |
    settings.ts           |  78.95 |   78.95 |       15 |         0 |          4 |        0 |        0 |
  env.ts                  |   0.00 |    0.00 |        0 |         0 |          2 |        0 |        0 |
  errors.ts               | 100.00 |  100.00 |        2 |         0 |          0 |        0 |        0 |
  server-entry.ts         | 100.00 |  100.00 |        1 |         0 |          0 |        0 |        0 |
  start.ts                |  96.15 |   96.15 |       25 |         0 |          1 |        0 |        0 |
--------------------------|--------|---------|----------|-----------|------------|----------|----------|
13:36:19 (1240722) INFO MutationTestReportHelper Final mutation score of 87.97 is greater than or equal to break threshold 85
